CHIAVE|COD_DITTA|COD_ART|PROG|VALUTA|PRZ|DATA_DOC|NUM_DOC|COD_CLFOR|TIPO_DOC|DAT_ULT_MOD
F0E15D25-1039-481A-9397-75AA9D6E7F3F#1#3#S98PRSCA|1|S98PRSCA|201500020271|EURO|5,000000|17032015|712|3|1|01011900000000
F0E15D25-1039-481A-9397-75AA9D6E7F3F#1#3#S98PSCA|1|S98PSCA|201500020271|EURO|2,818181|17032015|712|3|1|01011900000000
F0E15D25-1039-481A-9397-75AA9D6E7F3F#1#392#H3W01|1|H3W01|201900122817|EURO|1,619191|02072019|2943|392|1|01011900000000
F0E15D25-1039-481A-9397-75AA9D6E7F3F#1#392#H8ZUC|1|H8ZUC|201700177549|EURO|0,541414|25092017|3567|392|1|01011900000000
F0E15D25-1039-481A-9397-75AA9D6E7F3F#1#3999#I1UOQE|1|I1UOQE|202000099963|EURO|1,828282|06072020|2421|3999|1|01011900000000
F0E15D25-1039-481A-9397-75AA9D6E7F3F#1#5003#G4DA9107|1|G4DA9107|200700045629|EURO|7,474775|09082007|1985|5003|1|01011900000000
F0E15D25-1039-481A-9397-75AA9D6E7F3F#1#5004#S5OND1260|1|S5OND1260|200900049171|EURO|1,024242|30072009|1839|5004|1|01011900000000
F0E15D25-1039-481A-9397-75AA9D6E7F3F#1#5004#S8PEVE107|1|S8PEVE107|200900066326|EURO|7,486868|13102009|2466|5004|1|01011900000000
F0E15D25-1039-481A-9397-75AA9D6E7F3F#1#5004#S96ACF0114|1|S96ACF0114|200900033820|EURO|1,135353|29052009|1300|5004|1|01011900000000
F0E15D25-1039-481A-9397-75AA9D6E7F3F#1#5004#S96ACF0115|1|S96ACF0115|200900033820|EURO|2,128282|29052009|1300|5004|1|01011900000000
F0E15D25-1039-481A-9397-75AA9D6E7F3F#1#5004#S96ACF0830|1|S96ACF0830|200900049171|EURO|17,749494|30072009|1839|5004|1|01011900000000
F0E15D25-1039-481A-9397-75AA9D6E7F3F#1#5004#S96ACP0113|1|S96ACP0113|200900057608|EURO|14,336489|07092009|2146|5004|1|01011900000000
F0E15D25-1039-481A-9397-75AA9D6E7F3F#1#5005#DISPENSERBAR|1|DISPENSERBAR|201700048002|EURO|60,303030|06042017|1061|5005|1|01011900000000
F0E15D25-1039-481A-9397-75AA9D6E7F3F#1#5005#DISPENSERKET|1|DISPENSERKET|201700102896|EURO|60,303030|23062017|2164|5005|1|01011900000000
F0E15D25-1039-481A-9397-75AA9D6E7F3F#1#5005#DISPENSERMAIO|1|DISPENSERMAIO|201700102896|EURO|60,303030|23062017|2164|5005|1|01011900000000
F0E15D25-1039-481A-9397-75AA9D6E7F3F#1#5005#H31GA10702|1|H31GA10702|202000077786|EURO|4,060606|03062020|1900|5005|1|01011900000000
F0E15D25-1039-481A-9397-75AA9D6E7F3F#1#5005#H31GA18430|1|H31GA18430|201200022786|EURO|0,000000|30032012|811|5005|1|01011900000000
F0E15D25-1039-481A-9397-75AA9D6E7F3F#1#5005#H31GA18433|1|H31GA18433|201200096585|EURO|2,840067|26112012|3269|5005|1|01011900000000
F0E15D25-1039-481A-9397-75AA9D6E7F3F#1#5005#H31GA18434|1|H31GA18434|201200020217|EURO|3,215487|23032012|739|5005|1|01011900000000
F0E15D25-1039-481A-9397-75AA9D6E7F3F#1#5005#H31GA18530|1|H31GA18530|202100054988|EURO|14,818181|14052021|1640|5005|1|01011900000000
F0E15D25-1039-481A-9397-75AA9D6E7F3F#1#5005#H3BC00017|1|H3BC00017|201600068197|EURO|13,372053|17052016|1494|5005|1|01011900000000
F0E15D25-1039-481A-9397-75AA9D6E7F3F#1#5005#H3BC27003|1|H3BC27003|202000185472|EURO|2,424242|26102020|4431|5005|1|01011900000000
F0E15D25-1039-481A-9397-75AA9D6E7F3F#1#5005#H3GA00007|1|H3GA00007|201200039243|EURO|0,000000|24052012|1384|5005|1|01011900000000
F0E15D25-1039-481A-9397-75AA9D6E7F3F#1#5005#H3GA00130|1|H3GA00130|201200072960|EURO|2,017508|31082012|2482|5005|1|01011900000000
F0E15D25-1039-481A-9397-75AA9D6E7F3F#1#5005#H3GA11302|1|H3GA11302|201100098234|EURO|1,893097|02122011|3413|5005|1|01011900000000
F0E15D25-1039-481A-9397-75AA9D6E7F3F#1#5005#H3GA12208|1|H3GA12208|201900169338|EURO|3,535353|26082019|3991|5005|1|01011900000000
F0E15D25-1039-481A-9397-75AA9D6E7F3F#1#5005#H3GA12216|1|H3GA12216|201800023322|EURO|3,296295|14022018|555|5005|1|01011900000000
F0E15D25-1039-481A-9397-75AA9D6E7F3F#1#5005#H3GA12714|1|H3GA12714|201700048002|EURO|0,000000|06042017|1061|5005|1|01011900000000
F0E15D25-1039-481A-9397-75AA9D6E7F3F#1#5005#H3GA18239|1|H3GA18239|202100047367|EURO|0,000000|04052021|1426|5005|1|01011900000000
F0E15D25-1039-481A-9397-75AA9D6E7F3F#1#5005#H3GA27031|1|H3GA27031|202000150629|EURO|3,131313|04092020|3574|5005|1|01011900000000
F0E15D25-1039-481A-9397-75AA9D6E7F3F#1#5005#H3GA29012|1|H3GA29012|201200068003|EURO|2,058585|21082012|2344|5005|1|01011900000000
F0E15D25-1039-481A-9397-75AA9D6E7F3F#1#5008#F94N493|1|F94N493|200600015188|EURO|7,603089|13042006|776|5008|1|01011900000000
F0E15D25-1039-481A-9397-75AA9D6E7F3F#1#5009#F8BP2452|1|F8BP2452|200600010603|EURO|4,813146|29032006|568|5009|1|01011900000000
F0E15D25-1039-481A-9397-75AA9D6E7F3F#1#5010#F5SMPS|1|F5SMPS|201800236480|EURO|10,000000|19122018|5628|5010|1|01011900000000
F0E15D25-1039-481A-9397-75AA9D6E7F3F#1#5010#F5SMPSGE|1|F5SMPSGE|201800223878|EURO|11,111111|29112018|5269|5010|1|01011900000000
F0E15D25-1039-481A-9397-75AA9D6E7F3F#1#5010#F92COT|1|F92COT|200600009863|EURO|4,141414|24032006|521|5010|1|01011900000000
F0E15D25-1039-481A-9397-75AA9D6E7F3F#1#5010#F92SMFG|1|F92SMFG|201500124061|EURO|5,555555|08092015|2962|5010|1|01011900000000
F0E15D25-1039-481A-9397-75AA9D6E7F3F#1#5010#MA1PASG|1|MA1PASG|201400097628|EURO|8,080808|13102014|3279|5010|1|01011900000000
